Ra=0.57;
La=1.5;
Kt=0.082;
p=4;
Tp=0.42;
V=36;
J=0.000023;
Tc=50;
Wc=0.1;
kw=0.04;
B=2;


